gi_161508266_ref_NC_010079.1__Staphylococcus_aureus_subsp._aureus_USA300_TCH1516_chromosome__complete_genome
52520 52934
91504 91654
97382 97483
111916 111997
312984 313058
346522 348298
350328 351794
445079 445152
448701 449164
450723 450973
451878 452088
452995 453174
457343 458946
459478 459528
463636 463793
464452 465266
466149 466249
468677 469229
512675 518062
556119 556710
558066 558944
622546 622600
671697 671766
672574 672677
800895 800979
848386 848633
1426824 1426875
1456873 1457119
1557001 1557393
1803252 1804349
1873563 1873916
1961767 1961988
1995781 1995956
1996333 2001824
2031592 2031767
2041025 2041132
2181463 2181669
2247879 2248028
2292275 2297800
2319046 2319236
2389071 2389239
2478336 2478572
2624344 2624415
2699163 2699331
2830299 2830482
gi_225631039_ref_NC_012417.1__Staphylococcus_aureus_subsp._aureus_USA300_TCH1516_plasmid_pUSA01-HOU__complete_sequence
794 1421
1974 2055
gi_161510924_ref_NC_010063.1__Staphylococcus_aureus_subsp._aureus_USA300_TCH1516_plasmid_pUSA300HOUMR__complete_sequence
1323 2341
3495 3648
4309 4402
12482 13209
16359 17086
20368 21095
