gi_161508266_ref_NC_010079.1__Staphylococcus_aureus_subsp._aureus_USA300_TCH1516_chromosome__complete_genome
36003 36514
52524 52905
76265 76851
111512 112768
313016 345212
349256 349354
350790 351646
463746 464469
512774 517888
556196 562247
618577 618639
622401 622667
1098081 1098198
1342763 1342870
1344437 1344492
1456888 1457302
1873597 1873925
1939800 1939990
1941544 1941737
1961767 2001824
2031621 2031786
2041065 2041118
2181463 2181650
2247881 2247964
2292140 2292782
2318751 2319219
2389128 2389327
2623876 2624797
2633236 2633437
2775070 2775380
2862368 2864102
gi_225631039_ref_NC_012417.1__Staphylococcus_aureus_subsp._aureus_USA300_TCH1516_plasmid_pUSA01-HOU__complete_sequence
1 3125
gi_161510924_ref_NC_010063.1__Staphylococcus_aureus_subsp._aureus_USA300_TCH1516_plasmid_pUSA300HOUMR__complete_sequence
704 2277
3654 4338
12546 13145
16482 17022
20459 21031
