gi_161508266_ref_NC_010079.1__Staphylococcus_aureus_subsp._aureus_USA300_TCH1516_chromosome__complete_genome
24175 24306
35911 36514
52524 52905
61897 62276
65816 66221
68154 68512
69063 69224
76248 76851
110747 111933
159027 159140
162060 162207
169944 170676
311084 311157
318757 319136
336329 336485
344041 344297
345098 345215
345942 346923
349251 349368
350775 351669
394784 394983
444996 445136
449816 449979
450661 450761
457389 458886
463698 464503
512717 518242
556154 562247
617998 618882
621984 622731
671641 671731
712884 713014
748968 749059
798405 798501
801715 801894
804791 804843
811323 811392
848289 848596
855753 856178
891730 891932
908732 908826
954496 954615
1011055 1011403
1031061 1031208
1072150 1072315
1098040 1098194
1116684 1116828
1205032 1205341
1285806 1285944
1303031 1303095
1342761 1342873
1344440 1344510
1380520 1380678
1426587 1427026
1442917 1443005
1443540 1443670
1456888 1457665
1469889 1470021
1558161 1558339
1601273 1601515
1608473 1608612
1695068 1695209
1738670 1738837
1752333 1752653
1767991 1768114
1803137 1804960
1816380 1816438
1873106 1873948
1892601 1893377
1899210 1899270
1910749 1912418
1917884 1918441
1929673 1929862
1937634 1939121
1939790 1939851
1941534 1942152
1961587 1962469
1994356 2003433
2006665 2006789
2030206 2030310
2031631 2031785
2071612 2071974
2103054 2103108
2113571 2113718
2121787 2122030
2172150 2172261
2173313 2173421
2176449 2181650
2247831 2247964
2254753 2255208
2290783 2297736
2309481 2309597
2317557 2319348
2389127 2389239
2399333 2399493
2431598 2431773
2448587 2448688
2478341 2478992
2504763 2504896
2539856 2540028
2578937 2579045
2580576 2580664
2623855 2625010
2629808 2629914
2633236 2633458
2636789 2636882
2684377 2684534
2739700 2739764
2774823 2775506
2862367 2862956
2863771 2864099
gi_225631039_ref_NC_012417.1__Staphylococcus_aureus_subsp._aureus_USA300_TCH1516_plasmid_pUSA01-HOU__complete_sequence
1 3125
gi_161510924_ref_NC_010063.1__Staphylococcus_aureus_subsp._aureus_USA300_TCH1516_plasmid_pUSA300HOUMR__complete_sequence
12549 13141
16427 17019
20437 21031
