gi_42779081_ref_NC_003909.8__Bacillus_cereus_ATCC_10987__complete_genome
9256 13425
29029 33199
82396 86316
145421 151090
168312 168751
257905 258282
278446 285039
300580 305423
313713 317749
322812 327759
330667 334668
374920 375010
524248 524436
604870 608821
609558 609657
609769 610914
627134 627426
645498 645691
679055 679344
818112 822028
822765 823061
823202 824721
977833 977893
990855 991474
1108026 1109040
1121388 1121455
1146518 1147326
1156234 1157572
1212960 1213069
1214964 1215044
1394241 1394381
1490261 1490420
1551432 1551809
1900929 1901022
1947120 1947202
2119368 2119458
2119886 2119964
2263682 2263932
2308941 2309204
2362903 2362986
2367359 2367731
2454402 2454506
2475115 2476737
2721088 2721181
2766208 2766462
2817947 2818497
2949150 2949554
2966692 2966911
2974284 2974480
2993771 2994785
3205896 3206298
3233519 3234533
3488324 3490368
3757963 3758012
3921189 3921256
4310577 4311140
4324818 4324919
4347100 4347867
4406385 4406674
4464120 4465178
4496441 4496673
4497194 4497460
4503170 4503286
4547847 4548507
4586371 4586455
4649308 4655796
4755110 4755387
5009804 5010102
5103328 5103399
5203721 5203999
gi_44004339_ref_NC_005707.1__Bacillus_cereus_ATCC_10987_plasmid_pBc10987__complete_sequence
1 4894
44499 44731
55559 55778
81432 81508
189123 189264
193916 193988
