gi_42779081_ref_NC_003909.8__Bacillus_cereus_ATCC_10987__complete_genome
9866 14058
29731 33829
82940 86402
146193 150705
280086 284131
301364 305185
314551 317749
323602 326949
331349 335328
605736 608939
818701 822178
1287081 1288824
2367583 2367654
2721088 2721181
2733536 2734845
2766209 2944016
2949403 2949696
3488325 3489940
4347100 4347867
4464310 4464986
4648971 4655068
gi_44004339_ref_NC_005707.1__Bacillus_cereus_ATCC_10987_plasmid_pBc10987__complete_sequence
1 4557
51636 74780
193916 193988
207286 208369
