gi_42779081_ref_NC_003909.8__Bacillus_cereus_ATCC_10987__complete_genome
1 14058
29731 33829
82940 86402
146193 149508
280086 284131
301364 305185
314551 317749
323602 326949
331349 335328
605736 608939
818701 822178
1156026 1158501
2721088 2721181
2766208 2818496
2949403 2949696
3446994 3489940
4258498 4258803
4310921 4311084
4347100 4347867
4649811 4650078
4650564 4655068
5142637 5224283
gi_44004339_ref_NC_005707.1__Bacillus_cereus_ATCC_10987_plasmid_pBc10987__complete_sequence
1 4557
51636 74780
112080 193940
