gi_42779081_ref_NC_003909.8__Bacillus_cereus_ATCC_10987__complete_genome
9263 14299
29036 34073
82403 87161
145428 150705
278537 285064
300587 305416
313720 318625
322819 327752
330674 335570
604877 610907
818119 823370
824086 824740
859055 859234
958832 959590
990862 991691
1108309 1109843
1134751 1136087
1210438 1211876
1286486 1288441
1289537 1289995
1368457 1369760
1551848 1551984
2367583 2367654
2564255 2565801
2733568 2734871
2817899 2818439
2949157 2950547
2994582 2995587
3132054 3134370
3206013 3206267
3233803 3235336
3444160 3446934
3488711 3489745
4190319 4191077
4347100 4347867
4464310 4464986
4648971 4655789
5067777 5067837
5141035 5142581
gi_44004339_ref_NC_005707.1__Bacillus_cereus_ATCC_10987_plasmid_pBc10987__complete_sequence
1 5879
50639 51975
55617 55702
74836 77102
109250 112024
178435 178530
207334 208369
