gi_77464988_ref_NC_007494.1__Rhodobacter_sphaeroides_2.4.1_chromosome_2__complete_sequence
1 5148
114869 114961
175762 176481
243692 244494
542765 542822
572855 573181
592250 593239
640120 640515
661195 661251
689901 690281
707682 708215
711132 711471
760209 760398
768553 768690
850070 850392
888251 888307
904353 905815
gi_125654693_ref_NC_009008.1__Rhodobacter_sphaeroides_2.4.1_plasmid_E__partial_sequence
6114 6987
34819 35301
gi_77404693_ref_NC_007489.1__Rhodobacter_sphaeroides_2.4.1_plasmid_C__complete_sequence
gi_77404776_ref_NC_007490.1__Rhodobacter_sphaeroides_2.4.1_plasmid_D__complete_sequence
1 363
1519 2864
5549 6914
15084 15218
gi_77461965_ref_NC_007493.1__Rhodobacter_sphaeroides_2.4.1_chromosome_1__complete_sequence
134990 135168
146779 146965
237770 237888
249124 249446
252126 252888
379257 379385
537541 537657
601473 601609
608662 608852
645813 646222
651047 651104
672500 672871
691897 692149
698753 698913
804278 804333
884112 884296
900413 900496
957690 957823
961604 961766
1021166 1021500
1056871 1057079
1161519 1161684
1286663 1287356
1524795 1524959
1573978 1574073
1616230 1616509
1661000 1661053
1752762 1753401
1783341 1783421
1817848 1818293
2039047 2039211
2093067 2093168
2245382 2245919
2279629 2279740
2565666 2565837
2640703 2640881
2670246 2670311
2938340 2938467
3068591 3068664
gi_125654605_ref_NC_009007.1__Rhodobacter_sphaeroides_2.4.1_plasmid_A__partial_sequence
1 300
23473 24253
45327 45387
64464 65017
75333 76097
80184 81336
82993 84491
85710 86018
90206 91543
94381 94491
gi_77404592_ref_NC_007488.1__Rhodobacter_sphaeroides_2.4.1_plasmid_B__complete_sequence
