gi_77464988_ref_NC_007494.1__Rhodobacter_sphaeroides_2.4.1_chromosome_2__complete_sequence
1 5256
33517 38925
42310 42497
70635 70906
93152 93251
100618 100910
114777 115156
119441 119727
132781 133104
139747 139952
146894 147178
149088 149338
160383 160600
175761 176473
199228 199485
202216 202451
211246 211807
236249 236608
240411 240706
243692 243845
244519 244703
253065 253401
275199 275467
280555 280822
294749 295019
299941 300318
307730 307978
335248 335515
369964 370210
371691 373104
383443 383699
397264 397535
406313 406589
417750 417988
420822 421099
430139 430397
434106 434340
443616 443865
446215 446517
457915 458232
462179 462471
472153 472413
483716 484011
489559 489798
497382 497682
500251 500570
505969 506216
508018 508281
519801 520093
532579 532834
536895 537204
542769 543049
546961 547209
552399 552703
558331 558714
560782 561073
571298 571571
572855 573507
574574 574744
576026 576368
592250 592474
595880 596155
604591 604840
613733 614007
620505 620786
640120 640515
643650 643883
647253 647523
660146 660438
661195 661251
663920 664207
690295 690559
705003 705350
706654 706802
707336 708503
711127 719345
737777 740826
742752 742887
743253 743394
744397 745424
745661 745878
758805 758898
760190 760430
761533 762346
768433 768680
785625 785944
789768 790037
798054 798326
821068 821318
836625 836783
839656 839932
844270 844575
850070 850392
853076 853339
866640 866940
888254 888528
888996 889129
889756 890014
891345 891732
891887 891983
893467 893999
894676 895071
904971 906252
921298 921649
942707 943016
gi_125654693_ref_NC_009008.1__Rhodobacter_sphaeroides_2.4.1_plasmid_E__partial_sequence
6116 7232
22770 23719
28319 28860
29870 29942
33003 33844
34883 36496
gi_77404693_ref_NC_007489.1__Rhodobacter_sphaeroides_2.4.1_plasmid_C__complete_sequence
1 1415
57731 57799
63822 63890
74944 79099
82239 82657
gi_77404776_ref_NC_007490.1__Rhodobacter_sphaeroides_2.4.1_plasmid_D__complete_sequence
1 3052
5529 6914
11504 11839
15084 15223
27067 27204
39509 44004
66154 69608
71859 74222
75406 84768
86785 86901
99308 100828
gi_77461965_ref_NC_007493.1__Rhodobacter_sphaeroides_2.4.1_chromosome_1__complete_sequence
1 5254
20300 20582
25337 25584
43383 43655
70167 70449
96608 96894
116829 117118
125202 125540
134902 135168
143075 143379
146769 146965
147817 149253
153504 153812
158228 158510
162781 163064
175141 175400
184502 184752
190856 191130
199296 199554
207554 207864
222663 224258
226374 226514
227294 229638
231136 237888
239480 241190
248016 248162
249091 253699
273431 273684
280597 280855
283311 283586
287915 288893
303635 303872
306589 307569
345772 346060
352621 352884
366520 366817
374285 374621
379124 379384
392408 392533
405317 405619
426794 427071
431556 431796
434900 436077
441517 441800
472341 472625
488187 488463
503709 503941
530390 530998
533120 533442
537415 537656
559173 559419
577518 577769
590113 590887
601336 601609
608446 608775
613271 613581
617265 618244
619453 619779
625367 625684
633304 633534
645871 647016
648539 649519
650406 652324
655425 656780
657326 657668
667190 669478
671756 673275
684039 684308
691799 692162
698560 698913
712348 712580
717037 717279
729837 729974
734339 734631
741509 741722
742725 743008
763450 763704
770677 770977
777299 777686
781967 782187
784351 784490
804091 804333
816432 816589
826378 826846
831480 831794
834452 834724
847194 847426
849770 850035
859691 859991
878491 878554
879282 879551
883450 884296
900328 900498
924056 924299
930764 931006
934477 934933
957542 957822
961441 961765
1002197 1002497
1013322 1013595
1021166 1021500
1029292 1029580
1045015 1045298
1054772 1055029
1056825 1057079
1113258 1113532
1122392 1122635
1131415 1131638
1161454 1161687
1187122 1187524
1195383 1195632
1219998 1220146
1228946 1229230
1240087 1240372
1247020 1247306
1251691 1251944
1271270 1271553
1286663 1287356
1312504 1312761
1322587 1322872
1341017 1341284
1368048 1368330
1379052 1379323
1388566 1388835
1410381 1410617
1415737 1416036
1435309 1436726
1445090 1445337
1476228 1476522
1482648 1482929
1487555 1487839
1491886 1492211
1494832 1495143
1513642 1513871
1524790 1524957
1526250 1526372
1533514 1533800
1545537 1545799
1550366 1550643
1573784 1574072
1583413 1583752
1586501 1586800
1613023 1613330
1616217 1616508
1618666 1618948
1635976 1636235
1647682 1647937
1651823 1652054
1654540 1654688
1656565 1656771
1660809 1661053
1672938 1673059
1678757 1678899
1696619 1696851
1726731 1726931
1728576 1728809
1741223 1741470
1743981 1744251
1752762 1754318
1765890 1766175
1783081 1783421
1790400 1790665
1794774 1795052
1815191 1815467
1817848 1818320
1821034 1821338
1827204 1827435
1828623 1828884
1880688 1880994
1913698 1913818
1969278 1969535
1973824 1973999
1992496 1992754
1998777 1999075
2041338 2041612
2082848 2083127
2086153 2086470
2092833 2093155
2130473 2130741
2138321 2138634
2176376 2177810
2197288 2197563
2206177 2206297
2230583 2230869
2245382 2245927
2252916 2253200
2265078 2265551
2274968 2275236
2279629 2279740
2281570 2281773
2298459 2298727
2311531 2312455
2323865 2324137
2327893 2328204
2335828 2336098
2339451 2339573
2342013 2342298
2368305 2368588
2374398 2374665
2384750 2385083
2389830 2390106
2434337 2434615
2452025 2452310
2457174 2457431
2468231 2468432
2472376 2472465
2482294 2482563
2520500 2520753
2523970 2524227
2537065 2537389
2545713 2546063
2553584 2553878
2559724 2560007
2563943 2564151
2565666 2565837
2571558 2571792
2579939 2580197
2584571 2584814
2596994 2597235
2617647 2617871
2629938 2630241
2633173 2633418
2640615 2640877
2646689 2646956
2650020 2650298
2662678 2662861
2665680 2665990
2670246 2670311
2689513 2689797
2694821 2695089
2715228 2715491
2732103 2732169
2747506 2747800
2761186 2761456
2774116 2774312
2779111 2779387
2787954 2788226
2793944 2794211
2807475 2807732
2827276 2827547
2837732 2837998
2845138 2845428
2862213 2862561
2863541 2863822
2875029 2875274
2884960 2885243
2894635 2894924
2900402 2900647
2924143 2924379
2927419 2927659
2936101 2936351
2938191 2938427
2949759 2950034
2976570 2976836
2991971 2992228
3036926 3037248
3048219 3048485
3059524 3059709
3068357 3068658
3082383 3082625
3127223 3128019
3156030 3156284
3180881 3181158
3188304 3188609
gi_125654605_ref_NC_009007.1__Rhodobacter_sphaeroides_2.4.1_plasmid_A__partial_sequence
1 298
2151 2622
4616 5901
10661 11894
23593 23764
27174 28209
33203 33257
34708 34889
42350 42618
45339 45582
48836 49284
55766 56082
64464 65532
71751 89003
90206 91878
94364 94703
97489 97906
101635 102154
103798 104244
108959 110817
gi_77404592_ref_NC_007488.1__Rhodobacter_sphaeroides_2.4.1_plasmid_B__complete_sequence
1 1475
11704 12582
20866 21106
33800 34034
52987 53905
62678 62974
