gi_77464988_ref_NC_007494.1__Rhodobacter_sphaeroides_2.4.1_chromosome_2__complete_sequence
1 5304
33717 38975
70591 70659
114730 114789
114869 114961
139687 139736
146056 146325
160334 160436
163369 163448
175710 175789
243646 243750
294700 294802
307646 307704
335197 335342
369912 369998
397219 397307
398163 398278
406265 406351
415245 415411
420817 420870
430093 430199
434048 434100
483637 483704
497319 497372
500189 500294
519753 519819
536844 536978
542718 542832
545087 545171
546900 547009
560572 560770
565484 565600
572855 573507
574574 574750
617481 617868
620449 620512
640060 640242
640452 640554
647194 647280
661195 661251
663862 663963
704964 705372
729956 730040
733272 733533
737335 739151
768601 768692
815668 815729
821291 821356
833374 833432
850070 850394
942659 943016
gi_125654693_ref_NC_009008.1__Rhodobacter_sphaeroides_2.4.1_plasmid_E__partial_sequence
2463 2871
6516 7035
34867 35501
gi_77404693_ref_NC_007489.1__Rhodobacter_sphaeroides_2.4.1_plasmid_C__complete_sequence
74561 75431
78418 78531
gi_77404776_ref_NC_007490.1__Rhodobacter_sphaeroides_2.4.1_plasmid_D__complete_sequence
1 360
1451 1587
5746 5835
6650 6839
43055 44056
98558 98715
99259 100828
gi_77461965_ref_NC_007493.1__Rhodobacter_sphaeroides_2.4.1_chromosome_1__complete_sequence
1 5302
20544 20629
25576 25640
69991 70454
112060 112117
117114 117164
125202 125553
134982 135223
146761 146979
153777 153860
207883 207940
237770 237888
247385 248208
273622 273688
288575 289032
306541 307141
346019 346086
352720 352903
366761 366820
374571 374648
379212 379404
405409 405621
434830 434936
436023 436102
503857 503946
537444 537661
577675 577804
601324 601613
608569 608779
625581 625690
667518 667639
672101 672445
672994 673297
691857 692159
698752 698960
717263 717343
741677 741781
742999 743064
770947 771113
787003 787105
804275 804445
826349 826448
849997 850099
884122 884351
900400 900561
930977 931060
934477 934980
957679 957896
961600 961820
975643 975739
1021478 1021563
1029565 1029641
1055029 1055081
1056870 1057079
1122576 1122696
1154951 1155047
1161511 1161751
1195589 1195680
1229221 1229287
1240383 1240437
1368290 1368406
1426719 1426807
1445330 1445401
1492177 1492271
1524791 1525014
1533796 1533845
1550608 1550692
1554089 1554142
1573957 1574126
1583680 1583801
1585427 1585539
1586764 1586847
1616496 1616584
1618946 1619078
1636191 1636298
1654640 1654735
1661001 1661100
1726853 1726979
1752741 1752813
1783127 1783482
1815454 1815545
1817847 1818320
1828864 1828952
1880942 1881041
2038982 2039203
2069012 2069079
2093088 2093187
2130695 2130750
2176587 2176805
2182014 2182097
2230796 2230969
2245310 2245406
2265019 2265113
2275141 2275236
2279577 2279742
2312401 2312733
2327893 2328205
2336006 2336101
2356172 2356275
2374575 2374667
2385017 2385083
2452241 2452330
2454822 2454882
2482483 2482572
2520675 2520760
2522190 2522392
2537320 2537410
2546060 2546126
2559953 2560040
2565666 2565837
2571729 2571796
2617804 2617894
2640637 2640883
2646868 2646965
2670172 2670315
2671549 2671625
2695014 2695123
2715416 2715535
2761407 2761459
2779312 2779399
2788164 2788234
2799992 2800042
2862456 2862689
2863733 2863832
2885191 2885247
2936363 2936462
2938289 2938466
2976661 2976866
3037184 3037251
3048403 3048527
3059440 3059727
3068514 3068669
3094171 3094224
3101199 3101300
3180810 3180957
3185869 3185930
3188252 3188609
gi_125654605_ref_NC_009007.1__Rhodobacter_sphaeroides_2.4.1_plasmid_A__partial_sequence
1 299
27399 28649
45319 45390
64464 65579
70442 70768
71700 72761
75585 75697
78407 78497
80260 81383
82993 84560
85662 86076
86858 87254
90192 91591
94362 94503
99041 99399
gi_77404592_ref_NC_007488.1__Rhodobacter_sphaeroides_2.4.1_plasmid_B__complete_sequence
62660 62747
