gi_117617447_ref_NC_008570.1__Aeromonas_hydrophila_subsp._hydrophila_ATCC_7966_chromosome__complete_genome
6386 29369
29560 29626
29705 73199
74883 74999
85097 85159
88416 122242
138751 220132
243928 246809
247378 247958
249199 256510
257629 320382
349385 349528
350217 354251
355091 422090
433833 479045
479821 551961
552144 609267
610801 610899
616818 616937
626313 626972
635271 786689
788957 792377
794700 829743
844349 851033
872151 932644
933265 959265
964554 964661
965786 1033420
1033749 1039042
1040990 1041139
1050790 1164048
1164148 1210103
1210194 1321706
1328776 1457944
1472945 1494742
1496226 1547164
1548447 1565202
1567488 1567872
1572683 1702389
1702525 1763709
1771535 1773108
1775299 1778531
1783935 1793758
1794691 1955464
1955564 1974122
1978806 1990448
1991034 2026835
2026917 2027075
2027158 2049143
2054833 2073988
2074148 2142526
2145910 2167758
2183382 2183498
2185447 2185570
2189833 2221829
2223486 2339176
2342357 2367318
2406741 2576208
2580605 2639179
2639961 2656666
2659516 2755861
2778549 2780869
2783165 2783441
2791236 2826943
2829245 2829398
2829732 2887839
2905114 2999216
3011662 3066865
3069798 3070051
3073286 3094761
3106842 3111383
3111464 3268777
3275280 3294017
3311035 3357700
3359851 3414419
3414495 3435427
3440245 3467909
3479664 3487443
3497472 3500328
3509029 3509107
3514621 3514821
3525776 3556663
3577792 3697594
3699917 3774575
3776270 3876087
3876599 3881941
3882124 3882452
3882535 3951773
3952032 3968722
3971547 3982507
3984899 4016791
4017535 4017697
4032348 4052705
4053781 4141558
4146767 4234477
4234572 4234844
4234980 4241910
4244222 4268508
4270215 4286787
4296041 4366267
4367154 4371508
4371588 4397073
4399436 4454233
4454769 4455591
4475845 4476063
4476262 4580148
4632478 4678442
4679907 4697515
4697595 4714010
4730178 4730277
